0,310
0,305
0,417
0,308
0,307
0,302
0,304
0,303
0,428
0,12
0,451
0,10
0,8
0,0
0,415
0,564
0,300
0,638
0,412
0,299
0,550
0,501
0,298
0,419
0,411
0,297
0,542
0,410
0,296
0,369
0,409
0,295
0,527
0,418
0,294
0,392
0,407
0,293
0,567
0,292
0,566
0,463
0,291
0,368
0,404
0,290
0,565
0,289
0,526
0,288
0,621
0,403
0,287
0,399
0,402
0,286
0,401
0,285
0,405
0,443
0,284
0,525
0,497
0,283
0,524
0,440
0,282
0,523
0,483
0,281
0,562
0,618
0,280
0,482
0,394
0,279
0,393
0,537
0,278
0,391
0,277
0,634
0,388
0,276
0,557
0,637
0,275
0,387
0,274
0,481
0,386
0,273
0,480
0,385
0,272
0,522
0,448
0,271
0,536
0,384
0,270
0,521
0,628
0,269
0,549
0,360
0,268
0,416
0,381
0,267
0,520
0,266
0,571
0,390
0,265
0,534
0,380
0,264
0,617
0,379
0,263
0,584
0,378
0,262
0,533
0,519
0,261
0,406
0,377
0,260
0,518
0,532
0,259
0,473
0,492
0,258
0,355
0,374
0,257
0,516
0,398
0,256
0,462
0,490
0,255
0,373
0,254
0,397
0,372
0,253
0,579
0,371
0,252
0,515
0,471
0,251
0,389
0,370
0,250
0,466
0,465
0,249
0,514
0,593
0,248
0,488
0,367
0,247
0,569
0,351
0,246
0,511
0,461
0,245
0,457
0,366
0,244
0,612
0,365
0,242
0,456
0,364
0,241
2,1
1,1
0,454
0,243
0,322
1519,1
2,26
0,375
1517,0
0,408
1517,3
0,413
1517,5
0,421
0,429
0,431
0,439
0,444
0,447
0,455
0,469
0,474
0,478
0,479
0,484
0,485
0,486
0,487
0,489
0,491
0,494
0,495
0,535
0,539
0,541
0,545
0,546
0,548
0,552
0,554
0,556
0,558
0,560
0,563
0,568
0,572
0,575
0,577
0,578
0,582
0,587
0,588
0,590
0,591
0,594
0,600
0,601
0,606
0,607
0,610
0,614
0,622
0,629
0,631
0,639
2,2
2,5
2,7
2,8
2,11
2,12
2,15
2,16
2,18
2,20
2,21
2,23
2,24
2,27
2,29
2,30
2,32
2,33
2,35
25,1
25,2
26,0
26,1
26,3
26,4
27,1
27,3
28,0
28,2
28,3
28,5
29,1
29,2
30,0
30,1
30,3
31,0
31,2
31,4
32,0
32,2
32,3
33,1
33,3
33,4
34,1
34,2
34,4
35,0
35,2
35,4
37,0
37,2
37,3
39,0
39,2
39,3
42,0
42,1
42,3
42,4
45,1
45,3
45,4
45,6
67,0
67,2
68,0
68,1
68,3
68,4
69,1
69,3
70,0
70,2
70,3
70,5
71,0
71,2
72,0
72,1
72,3
73,0
73,2
73,4
74,0
74,2
74,3
75,1
75,2
75,4
76,1
76,2
76,4
77,0
77,2
77,4
79,0
79,2
79,3
81,0
81,1
81,3
84,0
84,1
84,3
84,4
87,1
87,3
87,4
87,6
1225,0
1225,2
1514,0
1514,1
1514,3
1515,0
1515,2
1515,3
1516,0
1516,2
1516,3
1517,4
1517,6
1517,8
1517,10
1517,11
1518,1
1518,2
1518,4
1519,2
1520,1
1520,3
1520,4
1521,1
1521,2
1522,0
1522,2
1522,3
1523,0
1523,1
1523,3
1523,4
1524,1
1524,3
1524,4
1526,1
1526,2
1526,4
1528,1
1528,2
1528,4
1531,0
1531,2
1531,3
1534,0
1534,2
1534,3
1534,5
1534,6
1534,8
1534,10
1534,11
1534,13
1534,14
1534,16
1534,18
1534,19
1534,21
1534,22
1534,24
1534,25
1535,1
1535,3
1535,4
1535,6
1538,0
1538,2
1538,4
1538,5
1538,7
1538,8
1539,1
1539,2
1539,4
1539,6
1540,0
1540,2
1540,3
1540,5
1541,1
1541,2
1541,4
1542,0
1542,2
1542,3
1542,5
1543,1
1543,2
1543,4
1543,5
1544,1
1544,3
1544,4
1549,0
1549,1
1549,3
1549,5
1549,6
1549,8
1549,9
1549,11
1549,12
1549,14
1549,16
1549,17
1549,19
1552,0
1552,2
1552,4
1552,5
1552,7
1552,8
1556,0
1556,1
1556,3
1556,5
1556,6
1556,8
1556,9
1556,11
1556,13
1556,14
1556,16
1556,17
1556,19
1556,20
1556,22
1556,24
1556,25
1556,27
1556,28
1556,30
1556,32
1556,33
1556,35
1556,36
1556,38
1556,40
1556,41
1556,43
1556,44
1556,46
1556,47
1556,49
1562,0
1562,1
1562,3
1562,4
1562,6
1562,8
1562,9
1562,11
1562,12
1562,14
1567,0
1567,2
1567,4
1567,5
1567,7
1567,8
1567,10
1567,12
1567,13
1567,15
1567,16
1567,18
1567,19
1567,21
1567,23
1567,24
1567,26
1567,27
1567,29
1567,31
1567,32
1570,1
1570,2
1570,4
1570,5
1576,1
1576,3
1576,4
1576,6
1576,7
1576,9
1576,11
1576,12
1576,14
1576,15
1581,1
1581,3
1581,4
1581,6
1581,7
1581,9
1581,10
1581,12
1581,14
1581,15
1581,17
1581,18
1584,0
1584,2
1584,3
1584,5
1586,0
1586,2
1586,3
1586,5
1587,0
1587,1
1587,3
1587,4
1588,0
1588,2
1588,3
1588,5
1588,6
1588,8
1588,9
1588,11
1588,13
1588,14
1588,16
1588,17
1588,19
1589,1
1589,2
1589,4
1589,5
1590,0
1590,2
1590,3
1590,5
1590,6
1591,1
1591,2
1591,4
1591,6
1591,7
1592,1
1592,2
1592,4
1592,6
1593,0
1593,2
1593,3
1593,5
1593,6
1593,8
1593,10
1593,11
1593,13
1593,14
1593,16
1593,18
1593,19
1593,21
1593,22
1593,24
1593,25
1593,27
1593,29
1593,30
1593,32
1593,33
1593,35
1593,37
1593,38
1593,40
1593,41
1593,43
1593,44
1593,46
1593,48
1593,49
1593,51
1593,52
1593,54
1593,56
1593,57
1593,59
1593,60
1593,62
1594,0
1594,1
1594,3
1594,4
1594,6
1594,7
1594,9
1594,11
1594,12
1594,14
1594,15
1595,1
1595,3
1595,4
1595,6
1595,7
1595,9
1595,10
1595,12
1595,14
1595,15
1596,0
1596,1
1596,3
1596,5
1596,6
1596,8
1596,9
1596,11
1596,12
1597,1
1597,3
1597,4
1597,6
1598,0
1598,2
1598,4
1598,5
1602,0
1602,1
1602,3
1602,5
1602,6
1602,8
1602,9
1602,11
1602,12
1603,0
1603,2
1603,3
1603,5
1603,6
1604,1
1604,3
1604,4
1604,6
1605,0
1605,2
1605,3
1605,5
1605,7
1605,8
1605,10
1605,11
1606,0
1606,2
1606,3
1606,5
1606,6
1606,8
1606,9
1606,11
1607,0
1607,1
1607,3
1607,4
1607,6
1608,1
1608,2
1608,4
1608,5
1609,0
1609,1
1609,3
1609,5
1609,6
1609,8
1609,9
1609,7
1609,4
1609,2
1608,6
1608,3
1608,0
1607,5
1607,2
1606,12
1606,10
1606,7
1606,4
1606,1
1605,12
1605,9
1605,6
1605,4
1605,1
1604,5
1604,2
1604,0
1603,4
1603,1
1602,13
1602,10
1602,7
1602,4
1602,2
1598,6
1598,3
1598,1
1597,5
1597,2
1597,0
1596,10
1596,7
1596,4
1596,2
1595,16
1595,13
1595,11
1595,8
1595,5
1595,2
1595,0
1594,13
1594,10
1594,8
1594,5
1594,2
1593,63
1593,61
1593,58
1593,55
1593,53
1593,50
1593,47
1593,45
1593,42
1593,39
1593,36
1593,34
1593,31
1593,28
1593,26
1593,23
1593,20
1593,17
1593,15
1593,12
1593,9
1593,7
1593,4
1593,1
1592,5
1592,3
1592,0
1591,5
1591,3
1591,0
1590,4
1590,1
1589,6
1589,3
1589,0
1588,18
1588,15
1588,12
1588,10
1588,7
1588,4
1588,1
1587,5
1587,2
1586,6
1586,4
1586,1
1584,4
1584,1
1581,19
1581,16
1581,13
1581,11
1581,8
1581,5
1581,2
1581,0
1576,13
1576,10
1576,8
1576,5
1576,2
1576,0
1570,3
1570,0
1567,30
1567,28
1567,25
1567,22
1567,20
1567,17
1567,14
1567,11
1567,9
1567,6
1567,3
1567,1
1562,13
1562,10
1562,7
1562,5
1562,2
1556,50
1556,48
1556,45
1556,42
1556,39
1556,37
1556,34
1556,31
1556,29
1556,26
1556,23
1556,21
1556,18
1556,15
1556,12
1556,10
1556,7
1556,4
1556,2
1552,9
1552,6
1552,3
1552,1
1549,18
1549,15
1549,13
1549,10
1549,7
1549,4
1549,2
1544,5
1544,2
1544,0
1543,3
1543,0
1542,4
1542,1
1541,3
1541,0
1540,4
1540,1
1539,5
1539,3
1539,0
1538,6
1538,3
1538,1
1535,5
1535,2
1535,0
1534,23
1534,20
1534,17
1534,15
1534,12
1534,9
1534,7
1534,4
1534,1
1531,4
1531,1
1528,3
1528,0
1526,3
1526,0
1524,2
1524,0
1523,2
1522,4
1522,1
1521,3
1521,0
1520,2
1520,0
1518,3
1518,0
1517,9
1517,7
1517,2
1516,1
1515,4
1515,1
1514,2
1225,3
1225,1
87,5
87,2
87,0
84,2
81,4
81,2
79,4
79,1
77,3
77,1
76,3
76,0
75,3
75,0
74,1
73,3
73,1
72,2
71,3
71,1
70,4
70,1
69,2
69,0
68,2
67,3
67,1
45,5
45,2
45,0
42,2
39,4
39,1
37,4
37,1
35,3
35,1
34,3
34,0
33,2
33,0
32,1
31,3
31,1
30,2
29,3
29,0
28,4
28,1
27,2
27,0
26,2
25,3
25,0
2,34
2,31
2,28
2,25
2,22
2,19
2,17
2,13
2,10
2,6
2,4
0,632
0,625
0,615
0,608
0,603
0,599
0,592
0,589
0,586
0,580
0,576
0,570
0,561
0,559
0,555
0,551
0,547
0,544
0,538
0,496
0,493
2,9
3,1
3,3
3,0
0,472
0,467
0,446
0,432
0,422
0,420
1517,1
0,400
0,383
0,350
1519,3
1519,0
1,3
1,0
2,14
2,3
2,0
0,9
0,636
0,363
0,240
0,510
0,396
0,239
0,362
0,238
0,459
0,395
0,237
0,509
0,543
0,236
0,433
0,359
0,235
0,470
0,508
0,234
0,611
0,458
0,233
0,596
0,358
0,232
0,630
0,357
0,231
0,345
0,356
0,230
0,476
0,229
0,507
0,354
0,228
0,529
0,353
0,227
0,627
0,506
0,226
0,502
0,352
0,225
0,453
0,430
0,224
0,505
0,583
0,223
0,337
0,349
0,222
0,635
0,452
0,221
0,504
0,427
0,220
0,334
0,348
0,219
0,460
0,347
0,218
0,498
0,346
0,217
0,503
0,435
0,216
0,530
0,449
0,215
0,609
0,343
0,214
0,626
0,342
0,213
0,333
0,341
0,212
0,330
0,340
0,211
0,329
0,339
0,210
0,475
0,338
0,209
0,597
0,517
0,208
0,325
0,336
0,207
0,445
0,424
0,206
0,434
0,335
0,205
0,442
0,513
0,204
0,441
0,320
0,203
0,595
0,332
0,202
0,585
0,438
0,201
0,361
0,500
0,200
0,331
0,199
0,437
0,623
0,198
0,436
0,540
0,197
0,382
0,328
0,196
0,499
0,574
0,195
0,531
0,605
0,194
0,327
0,193
0,344
0,326
0,192
0,598
0,616
0,63
0,512
0,324
0,62
0,573
0,323
0,61
0,376
0,321
0,60
0,613
0,426
0,59
0,581
0,468
0,58
0,620
0,425
0,57
0,553
0,477
0,56
0,624
0,317
0,55
0,528
0,54
0,619
0,604
0,53
0,450
0,316
0,52
0,319
0,315
0,51
0,318
0,314
0,50
0,313
0,49
0,602
0,312
0,48
0,633
0,311
0,47
0,464
0,309
0,46
0,306
0,45
0,423
0,301
0,6
0,5
0,1
0,414
0,11
0,4
0,2
0,3
0,7
